[
    {
        "id": 0,
        "xA": 0,
        "yA": 0,
        "xB": 128,
        "yB": 128,
        "xC": 64,
        "yC": 64,
        "road_points_IDs": [0, 1, 2, 15, 27, 33, 51, 106, 118]
    },
    {
        "id": 1,
        "xA": 128,
        "yA": 0,
        "xB": 256,
        "yB": 128,
        "xC": 192,
        "yC": 64,
        "road_points_IDs": [3, 18, 38, 74, 109, 122, 139, 158, 166, 179, 183, 205, 207, 211, 218, 219, 225, 226, 235, 245, 249, 258, 264, 270, 284, 289]
    },
    {
        "id": 2,
        "xA": 256,
        "yA": 0,
        "xB": 384,
        "yB": 128,
        "xC": 320,
        "yC": 64,
        "road_points_IDs": [13, 28, 34, 48, 52, 53, 71, 75, 85, 86, 107, 120, 136, 156, 171, 188, 215, 233, 238, 239, 240, 251, 265, 276, 277, 285]
    },
    {
        "id": 3,
        "xA": 384,
        "yA": 0,
        "xB": 512,
        "yB": 128,
        "xC": 448,
        "yC": 64,
        "road_points_IDs": [103, 111, 125, 127, 128, 129, 142, 144, 145, 146, 148, 149, 150, 151, 153, 163, 180, 189, 190, 191, 192, 193, 196, 197, 198, 199, 208, 222, 241, 252, 253, 255, 259, 260, 261, 262, 266, 267, 271, 272, 273, 274]
    },
    {
        "id": 4,
        "xA": 512,
        "yA": 0,
        "xB": 640,
        "yB": 128,
        "xC": 576,
        "yC": 64,
        "road_points_IDs": [116, 119, 123, 126, 130, 135, 137, 140, 154, 161, 167, 168, 173, 174, 177, 184, 185, 194, 200, 201, 220, 236, 250, 275, 280]
    },
    {
        "id": 5,
        "xA": 640,
        "yA": 0,
        "xB": 768,
        "yB": 128,
        "xC": 704,
        "yC": 64,
        "road_points_IDs": []
    },
    {
        "id": 6,
        "xA": 768,
        "yA": 0,
        "xB": 896,
        "yB": 128,
        "xC": 832,
        "yC": 64,
        "road_points_IDs": []
    },
    {
        "id": 7,
        "xA": 896,
        "yA": 0,
        "xB": 1024,
        "yB": 128,
        "xC": 960,
        "yC": 64,
        "road_points_IDs": []
    },
    {
        "id": 8,
        "xA": 1024,
        "yA": 0,
        "xB": 1152,
        "yB": 128,
        "xC": 1088,
        "yC": 64,
        "road_points_IDs": [4, 19, 39, 54, 55, 56, 57, 58, 59, 60, 61, 62, 63, 64, 65, 66, 108, 121, 138, 157, 172, 195, 216, 234, 247, 268, 290]
    },
    {
        "id": 9,
        "xA": 1152,
        "yA": 0,
        "xB": 1280,
        "yB": 128,
        "xC": 1216,
        "yC": 64,
        "road_points_IDs": [5, 6, 7, 8, 14, 17, 20, 21, 22, 29, 30, 40, 43, 45, 49, 67, 68, 69, 70, 72, 76, 77, 78, 79, 80]
    },
    {
        "id": 10,
        "xA": 1280,
        "yA": 0,
        "xB": 1408,
        "yB": 128,
        "xC": 1344,
        "yC": 64,
        "road_points_IDs": [9, 10, 23, 24, 31, 32, 36, 41, 46, 73, 82, 89, 93, 94, 95, 96, 97, 98, 104, 105]
    },
    {
        "id": 11,
        "xA": 0,
        "yA": 128,
        "xB": 128,
        "yB": 256,
        "xC": 64,
        "yC": 192,
        "road_points_IDs": [493, 496, 499, 509, 514, 516, 519, 527, 538, 541, 546, 550]
    },
    {
        "id": 12,
        "xA": 128,
        "yA": 128,
        "xB": 256,
        "yB": 256,
        "xC": 192,
        "yC": 192,
        "road_points_IDs": [305, 307, 310, 313, 323, 332, 344, 357, 364, 366, 371, 377, 379, 384, 385, 389, 393, 395, 399, 444, 683, 689]
    },
    {
        "id": 13,
        "xA": 256,
        "yA": 128,
        "xB": 384,
        "yB": 256,
        "xC": 320,
        "yC": 192,
        "road_points_IDs": [293, 299, 316, 317, 321, 326, 333, 334, 337, 339, 345, 353, 354, 360, 372, 390, 489, 510, 535, 560, 629, 656, 684, 696, 701, 703, 711, 712, 713, 714, 718, 719, 720, 725, 730, 755]
    },
    {
        "id": 14,
        "xA": 384,
        "yA": 128,
        "xB": 512,
        "yB": 256,
        "xC": 448,
        "yC": 192,
        "road_points_IDs": []
    },
    {
        "id": 15,
        "xA": 512,
        "yA": 128,
        "xB": 640,
        "yB": 256,
        "xC": 576,
        "yC": 192,
        "road_points_IDs": [296, 311, 312, 327, 328, 341, 347, 367, 375, 382, 391, 396, 423, 445, 446, 447, 448, 490, 511, 536, 561, 630, 657, 685, 721, 756]
    },
    {
        "id": 16,
        "xA": 640,
        "yA": 128,
        "xB": 768,
        "yB": 256,
        "xC": 704,
        "yC": 192,
        "road_points_IDs": [449, 450, 451, 452, 453, 454, 455, 456, 457, 458, 459, 460, 461]
    },
    {
        "id": 17,
        "xA": 768,
        "yA": 128,
        "xB": 896,
        "yB": 256,
        "xC": 832,
        "yC": 192,
        "road_points_IDs": [462, 463, 464, 465, 466, 467, 468, 469, 470, 471, 472, 473, 474, 631, 658, 686, 722, 757]
    },
    {
        "id": 18,
        "xA": 896,
        "yA": 128,
        "xB": 1024,
        "yB": 256,
        "xC": 960,
        "yC": 192,
        "road_points_IDs": [475, 476, 477, 478, 479, 480, 481, 482, 483, 484, 485, 486, 487, 488, 501, 502, 520, 528, 554, 555, 565, 566, 567, 568, 569, 570, 715, 748]
    },
    {
        "id": 19,
        "xA": 1024,
        "yA": 128,
        "xB": 1152,
        "yB": 256,
        "xC": 1088,
        "yC": 192,
        "road_points_IDs": [308, 324, 346, 373, 388, 400, 401, 402, 424, 425, 426, 427, 428, 429, 430, 431, 432, 504, 505, 530, 531, 556, 557, 571, 572, 573, 574, 575, 576, 577, 578, 579, 580, 581, 622, 627, 633, 646, 653, 661, 671, 680, 691, 704, 716, 731, 742, 749]
    },
    {
        "id": 20,
        "xA": 1152,
        "yA": 128,
        "xB": 1280,
        "yB": 256,
        "xC": 1216,
        "yC": 192,
        "road_points_IDs": [403, 404, 405, 406, 407, 408, 409, 410, 411, 412, 413, 414, 582, 583, 584, 585, 586, 587, 588, 589, 590, 591, 592, 593, 594, 595, 596, 634, 635, 662, 663, 692, 693, 732, 733]
    },
    {
        "id": 21,
        "xA": 1280,
        "yA": 128,
        "xB": 1408,
        "yB": 256,
        "xC": 1344,
        "yC": 192,
        "road_points_IDs": [415, 416, 417, 418, 419, 420, 421, 433, 434, 435, 436, 437, 500, 506, 524, 532, 551, 558, 597, 598, 599, 600, 601, 602, 603, 604, 605, 606, 607, 608, 624, 628, 650, 651, 672, 673, 674, 690, 697, 702, 726, 734, 743]
    },
    {
        "id": 22,
        "xA": 0,
        "yA": 256,
        "xB": 128,
        "yB": 384,
        "xC": 64,
        "yC": 320,
        "road_points_IDs": []
    },
    {
        "id": 23,
        "xA": 128,
        "yA": 256,
        "xB": 256,
        "yB": 384,
        "xC": 192,
        "yC": 320,
        "road_points_IDs": []
    },
    {
        "id": 24,
        "xA": 256,
        "yA": 256,
        "xB": 384,
        "yB": 384,
        "xC": 320,
        "yC": 320,
        "road_points_IDs": [786, 810, 842, 877, 944, 981, 1020, 1052, 1086, 1128, 1173, 1221, 1275, 1354]
    },
    {
        "id": 25,
        "xA": 384,
        "yA": 256,
        "xB": 512,
        "yB": 384,
        "xC": 448,
        "yC": 320,
        "road_points_IDs": [821, 843, 854, 871, 890, 934, 955, 972, 989, 999, 1021, 1030, 1039, 1056, 1060, 1076, 1087, 1093, 1140, 1181, 1232, 1262, 1266, 1267, 1276, 1277, 1284, 1320, 1336, 1357, 1366]
    },
    {
        "id": 26,
        "xA": 512,
        "yA": 256,
        "xB": 640,
        "yB": 384,
        "xC": 576,
        "yC": 320,
        "road_points_IDs": [790, 815, 822, 823, 828, 833, 836, 839, 848, 862, 868, 878, 883, 917, 918, 949, 950, 968, 987, 1004, 1032, 1040, 1065, 1072, 1096, 1104, 1105, 1123, 1141, 1153, 1154, 1182, 1190, 1210, 1233, 1238, 1268, 1285, 1321, 1332, 1355, 1358, 1359, 1360]
    },
    {
        "id": 27,
        "xA": 640,
        "yA": 256,
        "xB": 768,
        "yB": 384,
        "xC": 704,
        "yC": 320,
        "road_points_IDs": [1112, 1117, 1118, 1119, 1124, 1125, 1129, 1130, 1131, 1136, 1142, 1143, 1145, 1161, 1168, 1169, 1174, 1179, 1211, 1216, 1217, 1222, 1234, 1256, 1257, 1269, 1270, 1271, 1272, 1322, 1344, 1349, 1352, 1361, 1367]
    },
    {
        "id": 28,
        "xA": 768,
        "yA": 256,
        "xB": 896,
        "yB": 384,
        "xC": 832,
        "yC": 320,
        "road_points_IDs": [791, 816, 849, 884, 899, 900, 951, 988, 1027, 1057, 1061, 1062, 1066, 1067, 1091, 1097, 1098, 1137, 1146, 1147, 1180, 1191, 1192, 1201, 1223, 1228, 1239, 1240, 1241, 1263, 1278, 1286, 1287, 1288, 1323, 1324, 1325, 1368, 1378]
    },
    {
        "id": 29,
        "xA": 896,
        "yA": 256,
        "xB": 1024,
        "yB": 384,
        "xC": 960,
        "yC": 320,
        "road_points_IDs": [787, 811, 844, 879, 901, 902, 903, 904, 905, 906, 919, 920, 921, 922, 923, 945, 962, 982, 1000, 1022, 1035, 1053, 1068, 1088, 1099, 1132, 1148, 1175, 1193, 1224, 1242, 1279, 1289, 1290, 1291, 1292, 1293, 1294, 1295, 1296, 1326, 1327, 1328, 1333, 1369, 1370, 1371]
    },
    {
        "id": 30,
        "xA": 1024,
        "yA": 256,
        "xB": 1152,
        "yB": 384,
        "xC": 1088,
        "yC": 320,
        "road_points_IDs": [780, 788, 795, 805, 812, 824, 837, 845, 856, 874, 880, 893, 907, 908, 909, 910, 924, 925, 926, 927, 928, 929, 940, 946, 963, 969, 983, 1001, 1005, 1023, 1036, 1041, 1054, 1069, 1073, 1089, 1100, 1106, 1133, 1149, 1155, 1176, 1194, 1202, 1225, 1243, 1250, 1280, 1297, 1298, 1299, 1300, 1301, 1302, 1303, 1304, 1305, 1306, 1307, 1334, 1337, 1372, 1379]
    },
    {
        "id": 31,
        "xA": 1152,
        "yA": 256,
        "xB": 1280,
        "yB": 384,
        "xC": 1216,
        "yC": 320,
        "road_points_IDs": [796, 797, 825, 826, 829, 846, 857, 858, 863, 869, 872, 894, 911, 912, 913, 914, 930, 935, 941, 970, 973, 974, 977, 978, 1006, 1008, 1012, 1042, 1043, 1048, 1074, 1077, 1080, 1107, 1108, 1120, 1156, 1165, 1195, 1203, 1212, 1226, 1244, 1251, 1264, 1281, 1308, 1309, 1310, 1311, 1312, 1313, 1314, 1315, 1316, 1362]
    },
    {
        "id": 32,
        "xA": 1280,
        "yA": 256,
        "xB": 1408,
        "yB": 384,
        "xC": 1344,
        "yC": 320,
        "road_points_IDs": [763, 781, 792, 798, 807, 813, 817, 840, 850, 875, 885, 891, 931, 936, 947, 956, 964, 975, 980, 990, 993, 1013, 1019, 1031, 1049, 1070, 1084, 1090, 1109, 1126, 1134, 1150, 1157, 1170, 1171, 1196, 1204, 1218, 1219, 1245, 1252, 1273, 1274, 1338, 1353, 1384]
    },
    {
        "id": 33,
        "xA": 0,
        "yA": 384,
        "xB": 128,
        "yB": 512,
        "xC": 64,
        "yC": 448,
        "road_points_IDs": []
    },
    {
        "id": 34,
        "xA": 128,
        "yA": 384,
        "xB": 256,
        "yB": 512,
        "xC": 192,
        "yC": 448,
        "road_points_IDs": [1744, 1749, 1759, 1764, 1778, 1782, 1789, 1840, 1899, 1938, 1976, 2026]
    },
    {
        "id": 35,
        "xA": 256,
        "yA": 384,
        "xB": 384,
        "yB": 512,
        "xC": 320,
        "yC": 448,
        "road_points_IDs": [1399, 1458, 1506, 1550, 1601, 1637, 1707, 1738, 1785, 1786, 1793, 1802, 1810, 1814, 1821, 1829, 1830, 1849, 1876, 1893, 1904, 1909, 1915, 1932, 1943, 1946, 1947, 1968, 1983, 1988, 1989, 2034, 2053]
    },
    {
        "id": 36,
        "xA": 384,
        "yA": 384,
        "xB": 512,
        "yB": 512,
        "xC": 448,
        "yC": 448,
        "road_points_IDs": [1391, 1409, 1410, 1411, 1412, 1421, 1422, 1423, 1428, 1429, 1469, 1517, 1559, 1607, 1644, 1712, 1750, 1794, 1843, 1905, 1944, 1984, 2012, 2035, 2072]
    },
    {
        "id": 37,
        "xA": 512,
        "yA": 384,
        "xB": 640,
        "yB": 512,
        "xC": 576,
        "yC": 448,
        "road_points_IDs": [1400, 1413, 1424, 1430, 1444, 1459, 1460, 1477, 1487, 1493, 1507, 1508, 1518, 1528, 1535, 1551, 1552, 1555, 1575, 1631, 1632, 1645, 1679, 1703, 1710, 1728, 1739, 1751, 1779, 1790, 1803, 1850, 1916, 1969, 2018, 2027, 2036, 2054, 2066, 2073]
    },
    {
        "id": 38,
        "xA": 640,
        "yA": 384,
        "xB": 768,
        "yB": 512,
        "xC": 704,
        "yC": 448,
        "road_points_IDs": [1389, 1392, 1404, 1414, 1437, 1445, 1446, 1453, 1470, 1494, 1519, 1536, 1560, 1576, 1577, 1578, 1581, 1589, 1595, 1596, 1597, 1598, 1602, 1608, 1612, 1621, 1638, 1639, 1646, 1652, 1666, 1699, 1708, 1713, 1718, 1725, 1729, 1740, 1758, 1760, 1765, 1768, 1780, 1795, 1811, 1815, 1822, 1826, 1831, 1844, 1845, 1846, 1871, 1894, 1917, 1939, 1959, 1985, 2013, 2037]
    },
    {
        "id": 39,
        "xA": 768,
        "yA": 384,
        "xB": 896,
        "yB": 512,
        "xC": 832,
        "yC": 448,
        "road_points_IDs": [1401, 1415, 1431, 1449, 1461, 1471, 1478, 1479, 1480, 1488, 1495, 1503, 1509, 1525, 1548, 1582, 1583, 1590, 1591, 1599, 1625, 1633, 1634, 1647, 1653, 1654, 1655, 1700, 1735, 1741, 1752, 1761, 1762, 1769, 1770, 1783, 1804, 1805, 1816, 1832, 1851, 1852, 1880, 1885, 1889, 1895, 1896, 1900, 1906, 1907, 1910, 1911, 1912, 1926, 1933, 1936, 1940, 1948, 1954, 1970, 1977, 1978, 1990, 1997, 2014, 2028, 2029, 2055, 2056, 2061, 2062]
    },
    {
        "id": 40,
        "xA": 896,
        "yA": 384,
        "xB": 1024,
        "yB": 512,
        "xC": 960,
        "yC": 448,
        "road_points_IDs": [1416, 1417, 1418, 1432, 1462, 1472, 1473, 1474, 1496, 1500, 1520, 1521, 1526, 1529, 1540, 1541, 1561, 1568, 1584, 1585, 1609, 1617, 1626, 1627, 1648, 1660, 1681, 1682, 1701, 1714, 1719, 1730, 1731, 1736, 1753, 1771, 1772, 1796, 1807, 1817, 1818, 1833, 1841, 1872, 1881, 1882, 1901, 1921, 2038, 2067]
    },
    {
        "id": 41,
        "xA": 1024,
        "yA": 384,
        "xB": 1152,
        "yB": 512,
        "xC": 1088,
        "yC": 448,
        "road_points_IDs": [1419, 1433, 1438, 1475, 1483, 1489, 1522, 1530, 1537, 1562, 1569, 1579, 1610, 1618, 1622, 1649, 1661, 1667, 1683, 1684, 1685, 1686, 1687, 1688, 1689, 1690, 1691, 1692, 1693, 1715, 1724, 1732, 1754, 1763, 1773, 1797, 1808, 1819, 1847, 1853, 1854, 1855, 1856, 1857, 1858, 1859, 1860, 1861, 1862, 1863, 1873, 1883, 1913, 1918, 1922, 1949, 1955, 1960, 1991, 1998, 2004, 2030, 2031, 2032, 2039, 2040, 2041, 2042, 2043, 2044, 2045, 2046]
    },
    {
        "id": 42,
        "xA": 1152,
        "yA": 384,
        "xB": 1280,
        "yB": 512,
        "xC": 1216,
        "yC": 448,
        "road_points_IDs": [1405, 1467, 1512, 1556, 1606, 1641, 1642, 1668, 1669, 1670, 1671, 1672, 1673, 1674, 1675, 1676, 1694, 1695, 1711, 1733, 1742, 1774, 1820, 1864, 1865, 1866, 1867, 1868, 1869, 1870, 1884, 1923, 1941, 1961, 1962, 1986, 2005, 2015, 2047, 2048, 2049, 2050, 2051]
    },
    {
        "id": 43,
        "xA": 1280,
        "yA": 384,
        "xB": 1408,
        "yB": 512,
        "xC": 1344,
        "yC": 448,
        "road_points_IDs": [1402, 1434, 1439, 1463, 1484, 1513, 1531, 1532, 1553, 1570, 1571, 1603, 1613, 1623, 1640, 1650, 1709, 1716, 1743, 1745, 1755, 1766, 1775, 1784, 1787, 1798, 1799, 1823, 1824, 1834, 1835, 1848, 1874, 1877, 1890, 1897, 1902, 1919, 1924, 1927, 1937, 1942, 1953, 1963, 1973, 1979, 1980, 1999, 2022, 2033, 2057, 2063, 2068]
    },
    {
        "id": 44,
        "xA": 0,
        "yA": 512,
        "xB": 128,
        "yB": 640,
        "xC": 64,
        "yC": 576,
        "road_points_IDs": [2599]
    },
    {
        "id": 45,
        "xA": 128,
        "yA": 512,
        "xB": 256,
        "yB": 640,
        "xC": 192,
        "yC": 576,
        "road_points_IDs": [2086, 2129, 2173, 2217, 2255, 2295, 2345, 2384, 2423, 2458, 2470, 2497, 2506, 2535, 2545, 2568, 2581, 2615]
    },
    {
        "id": 46,
        "xA": 256,
        "yA": 512,
        "xB": 384,
        "yB": 640,
        "xC": 320,
        "yC": 576,
        "road_points_IDs": [2092, 2099, 2136, 2144, 2179, 2183, 2221, 2225, 2258, 2263, 2301, 2304, 2348, 2351, 2387, 2391, 2425, 2427, 2465, 2503, 2539, 2570, 2606, 2607, 2616, 2618, 2628]
    },
    {
        "id": 47,
        "xA": 384,
        "yA": 512,
        "xB": 512,
        "yB": 640,
        "xC": 448,
        "yC": 576,
        "road_points_IDs": [2087, 2111, 2130, 2153, 2159, 2166, 2188, 2193, 2206, 2226, 2237, 2243, 2259, 2273, 2277, 2283, 2288, 2310, 2315, 2358, 2365, 2397, 2402, 2435, 2440, 2475, 2482, 2516, 2523, 2554, 2559, 2586, 2590, 2619, 2629]
    },
    {
        "id": 48,
        "xA": 512,
        "yA": 512,
        "xB": 640,
        "yB": 640,
        "xC": 576,
        "yC": 576,
        "road_points_IDs": [2082, 2088, 2089, 2093, 2107, 2131, 2184, 2227, 2274, 2302, 2306, 2311, 2312, 2316, 2322, 2326, 2337, 2346, 2352, 2356, 2359, 2360, 2366, 2372, 2380, 2385, 2403, 2449, 2492, 2540, 2587, 2620]
    },
    {
        "id": 49,
        "xA": 640,
        "yA": 512,
        "xB": 768,
        "yB": 640,
        "xC": 704,
        "yC": 576,
        "road_points_IDs": [2078, 2079, 2094, 2118, 2120, 2163, 2207, 2218, 2248, 2285, 2327, 2328, 2373, 2388, 2392, 2398, 2404, 2406, 2411, 2412, 2420, 2428, 2433, 2436, 2446, 2450, 2455, 2456, 2459, 2493, 2504, 2532, 2541, 2565, 2571, 2596, 2608]
    },
    {
        "id": 50,
        "xA": 768,
        "yA": 512,
        "xB": 896,
        "yB": 640,
        "xC": 832,
        "yC": 576,
        "road_points_IDs": [2083, 2090, 2095, 2100, 2101, 2102, 2119, 2132, 2137, 2145, 2146, 2162, 2167, 2174, 2180, 2185, 2194, 2195, 2201, 2202, 2203, 2213, 2219, 2228, 2238, 2239, 2251, 2252, 2264, 2267, 2268, 2269, 2270, 2271, 2289, 2305, 2307, 2317, 2323, 2329, 2330, 2331, 2332, 2338, 2353, 2354, 2393, 2429, 2466, 2471, 2476, 2483, 2486, 2494, 2498, 2507, 2511, 2517, 2524, 2526, 2533, 2536, 2546, 2555]
    },
    {
        "id": 51,
        "xA": 896,
        "yA": 512,
        "xB": 1024,
        "yB": 640,
        "xC": 960,
        "yC": 576,
        "road_points_IDs": [2080, 2096, 2121, 2122, 2164, 2168, 2208, 2244, 2260, 2278, 2279, 2303, 2318, 2319, 2347, 2361, 2362, 2381, 2396, 2399, 2413, 2441, 2451, 2460, 2477, 2490, 2495, 2528, 2560, 2566, 2584, 2588, 2594, 2597, 2609, 2621, 2622]
    },
    {
        "id": 52,
        "xA": 1024,
        "yA": 512,
        "xB": 1152,
        "yB": 640,
        "xC": 1088,
        "yC": 576,
        "road_points_IDs": [2529, 2547, 2561, 2572, 2591, 2600, 2623]
    },
    {
        "id": 53,
        "xA": 1152,
        "yA": 512,
        "xB": 1280,
        "yB": 640,
        "xC": 1216,
        "yC": 576,
        "road_points_IDs": [2222, 2249, 2275, 2296, 2320, 2349, 2534]
    },
    {
        "id": 54,
        "xA": 1280,
        "yA": 512,
        "xB": 1408,
        "yB": 640,
        "xC": 1344,
        "yC": 576,
        "road_points_IDs": [2091, 2103, 2104, 2112, 2125, 2133, 2138, 2154, 2155, 2175, 2176, 2177, 2189, 2196, 2197, 2214, 2220, 2223, 2229, 2245, 2261, 2272, 2290, 2297, 2339, 2340, 2363, 2374, 2389, 2407, 2408, 2434, 2442, 2461, 2478, 2484, 2487, 2499, 2513, 2514, 2518, 2548, 2562, 2573, 2574, 2592, 2601, 2610, 2624]
    },
    {
        "id": 55,
        "xA": 0,
        "yA": 640,
        "xB": 128,
        "yB": 768,
        "xC": 64,
        "yC": 704,
        "road_points_IDs": [2645, 2691, 2742, 2787, 2825, 2866, 2900, 2935, 2971, 2988, 2993, 2997, 3007, 3011, 3017, 3043, 3064, 3069, 3086, 3096, 3103, 3114, 3122, 3160, 3167, 3204]
    },
    {
        "id": 56,
        "xA": 128,
        "yA": 640,
        "xB": 256,
        "yB": 768,
        "xC": 192,
        "yC": 704,
        "road_points_IDs": [2655, 2701, 2752, 2794, 2835, 2870, 2908, 2945, 2982, 3018, 3024, 3025, 3035, 3038, 3044, 3050, 3055, 3065, 3070, 3071, 3076, 3082, 3107, 3126, 3133, 3148, 3193]
    },
    {
        "id": 57,
        "xA": 256,
        "yA": 640,
        "xB": 384,
        "yB": 768,
        "xC": 320,
        "yC": 704,
        "road_points_IDs": [2646, 2650, 2656, 2660, 2664, 2671, 2674, 2679, 2692, 2698, 2702, 2753, 2795, 2836, 2871, 2909, 2946, 2983, 3026, 3072, 3108, 3134, 3137, 3141, 3142, 3149, 3150, 3155, 3161, 3164, 3172, 3180, 3186, 3189, 3194, 3195, 3208]
    },
    {
        "id": 58,
        "xA": 384,
        "yA": 640,
        "xB": 512,
        "yB": 768,
        "xC": 448,
        "yC": 704,
        "road_points_IDs": [2665, 2672, 2703, 2709, 2714, 2715, 2721, 2734, 2743, 2747, 2754, 2758, 2759, 2764, 2765, 2771, 2776, 2779, 2788, 2809, 2837, 2849, 2878, 2887, 2920, 2921, 2959, 2961, 2998, 3008, 3042, 3051, 3083, 3097, 3118, 3135, 3190, 3209, 3211, 3216]
    },
    {
        "id": 59,
        "xA": 512,
        "yA": 640,
        "xB": 640,
        "yB": 768,
        "xC": 576,
        "yC": 704,
        "road_points_IDs": [2675, 2722, 2789, 2791, 2801, 2803, 2810, 2814, 2821, 2826, 2830, 2838, 2841, 2850, 2854, 2861, 2863]
    },
    {
        "id": 60,
        "xA": 640,
        "yA": 640,
        "xB": 768,
        "yB": 768,
        "xC": 704,
        "yC": 704,
        "road_points_IDs": [2651, 2683, 2699, 2739, 2748, 2781, 2792, 2822, 2831, 2864, 2868, 2872, 2879, 2882, 2888, 2897, 2898, 2901, 2905, 2906, 2913, 2917, 2922, 2930, 2931, 2936, 2939, 2947, 2966, 2976, 3009, 3019, 3052, 3066, 3090, 3104, 3127, 3143, 3173, 3191, 3217]
    },
    {
        "id": 61,
        "xA": 768,
        "yA": 640,
        "xB": 896,
        "yB": 768,
        "xC": 832,
        "yC": 704,
        "road_points_IDs": [2950, 2954, 2955, 2960, 2967, 2969, 2972, 2977, 2984, 2989, 2994, 2995, 2999, 3012, 3027, 3039, 3045, 3091, 3128, 3138, 3174, 3181, 3218]
    },
    {
        "id": 62,
        "xA": 896,
        "yA": 640,
        "xB": 1024,
        "yB": 768,
        "xC": 960,
        "yC": 704,
        "road_points_IDs": [2666, 2673, 2684, 2700, 2704, 2710, 2716, 2723, 2744, 2755, 2760, 2761, 2782, 2796, 2802, 2804, 2815, 2832, 2842, 2846, 2873, 2883, 2910, 2918, 2940, 2978, 3020, 3058, 3099, 3100, 3115, 3136, 3144, 3156, 3162, 3175, 3182, 3196, 3201, 3212, 3220]
    },
    {
        "id": 63,
        "xA": 1024,
        "yA": 640,
        "xB": 1152,
        "yB": 768,
        "xC": 1088,
        "yC": 704,
        "road_points_IDs": [2717, 2766, 2772, 2811, 2816, 2851, 2855, 2865, 2880, 2889, 2891, 2895, 2911, 2923, 2924, 2926, 2937, 2948, 2956, 2962, 2970, 2985, 2986, 3001, 3002, 3028, 3046, 3047, 3059, 3073, 3077, 3087, 3092, 3109, 3123, 3151, 3168, 3197, 3213]
    },
    {
        "id": 64,
        "xA": 1152,
        "yA": 640,
        "xB": 1280,
        "yB": 768,
        "xC": 1216,
        "yC": 704,
        "road_points_IDs": [2899, 2941, 2990, 3040, 3084, 3110, 3124, 3125, 3145, 3166, 3176, 3183, 3202, 3221]
    },
    {
        "id": 65,
        "xA": 1280,
        "yA": 640,
        "xB": 1408,
        "yB": 768,
        "xC": 1344,
        "yC": 704,
        "road_points_IDs": [2640, 2661, 2680, 2685, 2705, 2724, 2749, 2767, 2790, 2805, 2823, 2856, 2857, 2892, 2927, 2928, 2957, 2963, 2979, 3003, 3004, 3029, 3048, 3056, 3078, 3085, 3101, 3119, 3152, 3153, 3187, 3198, 3205, 3222, 3225]
    },
    {
        "id": 66,
        "xA": 0,
        "yA": 768,
        "xB": 128,
        "yB": 896,
        "xC": 64,
        "yC": 832,
        "road_points_IDs": [3245, 3292, 3343, 3388, 3431, 3470, 3508, 3723, 3761, 3804]
    },
    {
        "id": 67,
        "xA": 128,
        "yA": 768,
        "xB": 256,
        "yB": 896,
        "xC": 192,
        "yC": 832,
        "road_points_IDs": [3236, 3279, 3327, 3376, 3421, 3459, 3497, 3543, 3578, 3613, 3644, 3678, 3717, 3724, 3731, 3742, 3747, 3750, 3752, 3755, 3762, 3763, 3771, 3783, 3788, 3792, 3796, 3805, 3806]
    },
    {
        "id": 68,
        "xA": 256,
        "yA": 768,
        "xB": 384,
        "yB": 896,
        "xC": 320,
        "yC": 832,
        "road_points_IDs": [3242, 3285, 3336, 3382, 3427, 3466, 3504, 3549, 3582, 3618, 3653, 3689, 3732, 3776]
    },
    {
        "id": 69,
        "xA": 384,
        "yA": 768,
        "xB": 512,
        "yB": 896,
        "xC": 448,
        "yC": 832,
        "road_points_IDs": [3226, 3230, 3237, 3243, 3246, 3247, 3251, 3254, 3258, 3259, 3264, 3265, 3295, 3314, 3320, 3349, 3389, 3436, 3483, 3528, 3573, 3614, 3654, 3692, 3748, 3789]
    },
    {
        "id": 70,
        "xA": 512,
        "yA": 768,
        "xB": 640,
        "yB": 896,
        "xC": 576,
        "yC": 832,
        "road_points_IDs": [3302, 3310, 3315, 3321, 3328, 3337, 3344, 3345, 3350, 3352, 3357, 3366, 3368, 3371, 3377, 3383, 3390, 3392, 3396, 3400, 3407, 3422, 3460, 3498, 3544, 3579, 3615, 3645, 3679, 3718, 3764, 3807]
    },
    {
        "id": 71,
        "xA": 640,
        "yA": 768,
        "xB": 768,
        "yB": 896,
        "xC": 704,
        "yC": 832,
        "road_points_IDs": [3260, 3273, 3303, 3322, 3358, 3372, 3401, 3409, 3414, 3415, 3428, 3432, 3437, 3441, 3445, 3448, 3452, 3453, 3454, 3455, 3471, 3472, 3473, 3479, 3484, 3489, 3491, 3517, 3562, 3595, 3630, 3663, 3698, 3743, 3784, 3790]
    },
    {
        "id": 72,
        "xA": 768,
        "yA": 768,
        "xB": 896,
        "yB": 896,
        "xC": 832,
        "yC": 832,
        "road_points_IDs": [3219, 3261, 3262, 3304, 3305, 3353, 3359, 3397, 3402, 3438, 3446, 3474, 3485, 3494, 3499, 3500, 3505, 3509, 3513, 3518, 3522, 3523, 3524, 3529, 3532, 3533, 3563, 3564, 3571, 3596, 3597, 3604, 3605, 3606, 3619, 3625, 3631, 3666, 3710, 3765, 3797]
    },
    {
        "id": 73,
        "xA": 896,
        "yA": 768,
        "xB": 1024,
        "yB": 896,
        "xC": 960,
        "yC": 832,
        "road_points_IDs": [3238, 3248, 3255, 3266, 3274, 3280, 3286, 3296, 3316, 3323, 3329, 3338, 3378, 3393, 3439, 3475, 3514, 3556, 3589, 3626, 3636, 3650, 3657, 3664, 3669, 3685, 3693, 3699, 3706, 3725, 3737, 3744, 3753, 3772, 3778]
    },
    {
        "id": 74,
        "xA": 1024,
        "yA": 768,
        "xB": 1152,
        "yB": 896,
        "xC": 1088,
        "yC": 832,
        "road_points_IDs": [3239, 3256, 3297, 3298, 3317, 3346, 3354, 3367, 3369, 3384, 3391, 3398, 3403, 3408, 3416, 3423, 3424, 3433, 3442, 3443, 3449, 3456, 3480, 3486, 3492, 3495, 3510, 3519, 3525, 3534, 3538, 3545, 3553, 3565, 3574, 3575, 3583, 3586, 3598, 3602, 3609, 3610, 3620, 3637, 3640, 3651, 3672, 3711, 3756, 3799]
    },
    {
        "id": 75,
        "xA": 1152,
        "yA": 768,
        "xB": 1280,
        "yB": 896,
        "xC": 1216,
        "yC": 832,
        "road_points_IDs": [3233, 3252, 3269, 3275, 3311, 3324, 3339, 3360, 3379, 3385, 3399, 3434, 3444, 3457, 3476, 3481, 3493, 3511, 3526, 3530, 3568, 3607, 3633, 3641, 3646, 3658, 3667, 3670, 3673, 3680, 3681, 3700, 3707, 3712, 3713, 3726, 3733, 3751, 3757, 3758, 3766, 3767, 3779, 3785, 3791, 3800, 3801]
    },
    {
        "id": 76,
        "xA": 1280,
        "yA": 768,
        "xB": 1408,
        "yB": 896,
        "xC": 1344,
        "yC": 832,
        "road_points_IDs": [3240, 3257, 3263, 3281, 3293, 3306, 3330, 3361, 3362, 3380, 3394, 3404, 3417, 3425, 3447, 3461, 3462, 3477, 3487, 3490, 3501, 3506, 3520, 3527, 3539, 3546, 3567, 3576, 3580, 3587, 3590, 3603, 3608, 3616, 3623, 3624, 3634, 3642, 3647, 3655, 3671, 3690, 3708, 3734, 3754, 3777, 3793]
    }
]
